0.556207497523 0.305844098491 
0.393558619793 0.747523975288 
-0.0161276975325 1.29882769305 
-0.857181922755 1.93607740952 
-2.39975339023 2.62487188252 
-5.04808027929 3.32713167881 
-9.41829974012 4.00659064308 
-16.4615763624 4.63237313314 
-27.6572658437 5.18056465622 
-45.3148953968 5.63386432259 
-73.0457838709 5.9794841818 
-116.499604022 6.20542339062 
-184.515089613 6.29508569523 
-290.91833807 6.21991160355 
-457.333849694 5.92923010501 
-717.579314056 5.3358377924 
-1124.53701606 4.29477760935 
-1760.89797234 2.57123402615 
-2755.96176131 -0.208907204461 
-4311.90534087 -4.63593480284 
